frame 10 15
color 255 0 0
thickness 3
path 7
3.0 0.5
3.0 3.5
5.0 1.5
7.0 3.5
7.0 0.5
5.0 2.5
3.0 0.5
color 0 0 255
thickness 2
# левый верхний треугольник
path 4
3.0 1.5
3.5 1.0
3.0 1.5
3.0 1.5
# левый нижний треугольник
path 4
3.0 2.0
3.5 2.5
3.0 3.0
3.0 2.0
# горизонтальная линия слева
path 3
3.5 1.5
4.0 1.5
3.5 1.5
# квадрат слева
path 5
4.0 1.5
4.0 2.0
3.5 2.0
3.5 1.5
4.0 1.5
# квадрат справа
path 5
6.0 2.0
6.0 2.5
6.5 2.5
6.5 2.0
6.0 2.0
# треугольники справа
path 4
7.0 2.5
6.5 3.0
7.0 2.5
7.0 2.5
# треугольники справ
path 4
7.0 2.0
6.5 1.5
7.0 1.0
7.0 2.0
# нижняя часть головы
color 255 128 0
thickness 2
path 5
4.5 3.0
5.5 3.0
7.5 4.0
8.0 5.0
8.0 7.5
# левая часть
color 255 128 0
thickness 2
path 2
2.5 4.0
4.5 3.0
# левая часть
path 3
2.5 4.0
2.0 5.0
2.0 7.5
# левая прическа
path 9
2.0 5.0
1.0 6.0
1.5 7.5
1.0 6.5
0.5 7.0
1.0 8.0
0.5 7.5
0.5 8.5
2.5 11.0

# левая прическа (красный отрезок)
color 255 0 0
thickness 2
path 2
2.5 11.0
3.0 10.5
# переход к правой части прически (низ шляпы)
color 255 0 0
thickness 2
path 5
3.0 10.5
4.0 11.0
6.0 11.0
7.0 10.5
7.5 11.0
color 255 0 0
thickness 2
path 11
2.5 11.0
2.5 11.5
3.5 12.0
3.0 13.0
3.5 14.0
4.0 14.5
6.0 14.5
6.5 14.0
7.0 13.0
6.5 12.0
7.5 11.5

# правая часть прически
color 255 0 0
thickness 2
path 2
7.5 11.5
7.5 11.0

# правая часть прически (основная часть)
color 255 165 0
thickness 2
path 9
7.5 11.0
9.5 8.5
9.5 7.5
9.0 8.0
9.5 7.0
9.0 6.5
8.5 7.5
9.0 6.0
8.0 5.0
# украшение на шляпе (розовое)
color 255 192 203
thickness 2
# верхний контур
path 4
6.0 11.5
7.5 12.5
8.5 12.5
8.0 13.0
# правая вертикаль и диагональ
path 3
8.0 12.5
8.0 13.5
7.5 13.0
# верхняя горизонталь
path 2
7.0 13.0
8.0 13.0
# левая часть и низ
path 4
7.0 13.0
7.5 12.5
7.5 12.0
8.0 12.5
# диагональ
path 2
7.5 12.5
7.5 13.0
# рот (белый)
color 255 255 255
thickness 3

path 20
5.0 4.0
6.5 4.5
6.5 4.5
8.0 5.5
8.0 5.5
8.0 6.0
8.0 6.0
7.5 6.5
7.5 6.5
7.0 6.5
7.0 6.5
6.5 6.0
6.5 6.0
5.0 5.5
5.0 5.5
3.5 6.0
3.5 6.0
3.0 6.5
3.0 6.5
2.5 6.5
path 2
2.5 6.5
2.0 6.0
path 2
2.0 6.0
2.0 5.5
path 2
2.0 5.5
3.5 4.5
path 2
3.5 4.5
5.0 4.0
# правая часть улыбки
path 2
5.0 4.5
6.5 5.0
path 2
6.5 5.0
7.0 5.5
path 2
7.5 5.5
7.0 6.0
# левая часть улыбки
path 2
5.0 4.5
3.5 5.0
path 2
3.5 5.0
3.0 5.5
path 2
2.5 5.5
3.0 6.0
# нос
color 255 255 255
thickness 3
path 3
7.0 6.5
6.5 7.5
5.5 8.0
# горизонтальная линия над носом
path 2
6.5 8.0
3.5 8.0
path 3
6.5 8.0
7.5 8.5
8.0 7.5
path 3
3.5 8.0
2.5 8.5
2.0 7.5
path 3
4.5 8.0
3.5 7.5
3.0 6.5
# правый глаз
path 5
4.5 8.0
5.5 10.5
6.5 10.5
7.5 9.5
7.5 8.5
# левый глаз
path 5
5.5 8.0
4.5 10.5
3.5 10.5
2.5 9.5
2.5 8.5
# левый зрачок
path 9
3.5 8.0
3.0 8.5
3.5 9.5
4.0 9.5
4.5 8.5
4.0 8.0
4.0 8.5
3.5 8.5
3.5 8.0
# правый зрачок
path 9
6.0 8.0
5.5 8.5
6.0 9.5
6.5 9.5
7.0 8.5
6.5 8.0
6.5 8.5
6.0 8.5
6.0 8.0